    0
    0
    0
    0
   -1
   -1
   -1
   -2
   -2
   -1
    0
    0
    0
   -1
   -2
   -3
   -3
   -1
    1
    3
    3
    0
   -4
   -7
   -6
    0
    7
   12
    9
   -1
  -16
  -24
  -14
   28
  108
  225
  367
  519
  663
  787
  884
  952
  994
 1014
 1013
  990
  945
  875
  781
  666
  534
  389
  236
   78
  -81
 -239
 -392
 -535
 -666
 -779
 -874
 -946
 -996
-1020
-1020
 -995
 -946
 -873
 -778
 -665
 -535
 -392
 -239
  -81
   80
  238
  391
  534
  664
  777
  872
  945
  994
 1019
 1019
  994
  945
  872
  777
  664
  534
  391
  238
   80
  -81
 -239
 -392
 -535
 -665
 -778
 -873
 -946
 -995
-1020
-1020
 -995
 -946
 -873
 -778
 -665
 -535
 -392
 -239
  -81
   80
  238
  391
  534
  664
  777
  872
  945
  994
 1019
 1019
  994
  945
  872
  777
  664
  534
  391
  238
   80
  -81
 -239
 -392
 -535
 -665
 -778
 -873
 -946
 -995
-1020
-1020
 -995
 -946
 -873
 -778
 -665
 -535
 -392
 -239
  -81
   80
  238
  391
  534
  664
  777
  872
  945
  994
 1019
 1019
  994
  945
  872
  777
  664
  534
  391
  238
   80
  -81
 -239
 -392
 -535
 -665
 -778
 -873
 -946
 -995
-1020
-1020
 -995
 -946
 -873
 -778
 -665
 -535
 -392
 -239
  -81
   80
  238
  391
  534
  664
  777
  872
  945
  994
 1019
 1019
  994
  945
  872
  777
  664
  534
  391
  238
   80
  -81
 -239
 -392
 -535
 -665
 -778
 -873
 -946
 -995
-1020
-1020
 -995
 -946
 -873
 -778
 -665
 -535
 -392
 -239
  -81
   80
  238
  391
  534
  664
  777
  872
  945
  994
 1019
 1019
  994
  945
  872
  777
  664
  534
  391
  238
   80
  -81
 -239
 -392
 -535
 -665
 -778
 -873
 -946
 -995
-1020
-1020
 -995
 -946
 -873
 -778
 -665
 -535
 -392
 -239
  -81
   80
  238
  391
  534
  664
  777
  872
  945
  994
 1019
 1019
  994
  945
  872
  777
  664
  534
  391
  238
   80
  -81
 -239
 -392
 -535
 -665
 -778
 -873
 -946
 -995
-1020
-1020
 -995
 -946
 -873
 -778
 -665
 -535
 -392
 -239
  -81
   80
  238
  391
  534
  664
  777
  872
  945
  994
 1019
 1019
  994
  945
  872
  777
  664
  534
  391
  238
   80
  -81
 -239
 -392
 -535
 -665
 -778
 -873
 -946
 -995
-1020
-1020
 -995
 -946
 -873
 -778
 -665
 -535
 -392
 -239
  -81
   80
  238
  391
  534
  664
  777
  872
  945
  994
 1019
 1019
  994
  945
  872
  777
  664
  534
  391
  238
   80
  -81
 -239
 -392
 -535
 -665
 -778
 -873
 -946
 -995
-1020
-1020
 -995
 -946
 -873
 -778
 -665
 -535
 -392
 -239
  -81
   80
  238
  391
  534
  664
  777
  872
  945
  994
 1019
 1019
  994
  945
  872
  777
  664
  534
  391
  238
   80
  -81
 -239
 -392
 -535
 -665
 -778
 -873
 -946
 -995
-1020
-1020
 -995
 -946
 -873
 -778
 -665
 -535
 -392
 -239
  -81
   80
  238
  391
  534
  664
  777
  872
  945
  994
 1019
 1019
  994
  945
  872
  777
  664
  534
  391
  238
   80
  -81
 -239
 -392
 -535
 -665
 -778
 -873
 -946
 -995
-1020
-1020
 -995
 -946
 -873
 -778
 -665
 -535
 -392
 -239
  -81
   80
  238
  391
  534
  664
  777
  872
  945
  994
 1019
 1019
  994
  945
  872
  777
  664
  534
  391
  238
   80
  -81
 -239
 -392
 -535
 -665
 -778
 -873
 -946
 -995
-1020
-1020
 -995
 -946
 -873
 -778
 -665
 -535
 -392
 -239
  -81
   80
  238
  391
  534
  664
  777
  872
  945
  994
 1019
 1019
  994
  945
  872
  777
  664
  534
  391
  238
   80
  -81
 -239
 -392
 -535
 -665
 -778
 -873
 -946
 -995
-1020
-1020
 -995
 -946
 -873
 -778
 -665
 -535
 -392
 -239
  -81
   80
  238
  391
  534
  664
  777
  872
  945
  994
 1019
 1019
  994
  945
  872
  777
  664
  534
  391
  238
   80
  -81
 -239
 -392
 -535
 -665
 -778
 -873
 -946
 -995
-1020
-1020
 -995
 -946
 -873
 -778
 -665
 -535
 -392
 -239
  -81
   80
  238
  391
  534
  664
  777
  872
  945
  994
 1019
 1019
  994
  945
  872
  777
  664
  534
  391
  238
   80
  -81
 -239
 -392
 -535
 -665
 -778
 -873
 -946
 -995
-1020
-1020
 -995
 -946
 -873
 -778
 -665
 -535
 -392
 -239
  -81
   80
  238
  391
  534
  664
  777
  872
  945
  994
 1019
 1019
  994
  945
  872
  777
  664
  534
  391
  238
   80
  -81
 -239
 -392
 -535
 -665
 -778
 -873
 -946
 -995
-1020
-1020
 -995
 -946
 -873
 -778
 -665
 -535
 -392
 -239
  -81
   80
  238
  391
  534
  664
  777
  872
  945
  994
 1019
 1019
  994
  945
  872
  777
  664
  534
  391
  238
   80
  -81
 -239
 -392
 -535
 -665
 -778
 -873
 -946
 -995
-1020
-1020
 -995
 -946
 -873
 -778
 -665
 -535
 -392
 -239
  -81
   80
  238
  391
  534
  664
  777
  872
  945
  994
 1019
 1019
  994
  945
  872
  777
  664
  534
  391
  238
   80
  -81
 -239
 -392
 -535
 -665
 -778
 -873
 -946
 -995
-1020
-1020
 -995
 -946
 -873
 -778
 -665
 -535
 -392
 -239
  -81
   80
  238
  391
  534
  664
  777
  872
  945
  994
 1019
 1019
  994
  945
  872
  777
  664
  534
  391
  238
   80
  -81
 -239
 -392
 -535
 -665
 -778
 -873
 -946
 -995
-1020
-1020
 -995
 -946
 -873
 -778
 -665
 -535
 -392
 -239
  -81
   80
  238
  391
  534
  664
  777
  872
  945
  994
 1019
 1019
  994
  945
  872
  777
  664
  534
  391
  238
   80
  -81
 -239
 -392
 -535
 -665
 -778
 -873
 -946
 -995
-1020
-1020
 -995
 -946
 -873
 -778
 -665
 -535
 -392
 -239
  -81
   80
  238
  391
  534
  664
  777
  872
  945
  994
 1019
 1019
  994
  945
  872
  777
  664
  534
  391
  238
   80
  -81
 -239
 -392
 -535
 -665
 -778
 -873
 -946
 -995
-1020
-1020
 -995
 -946
 -873
 -778
 -665
 -535
 -392
 -239
  -81
   80
  238
  391
  534
  664
  777
  872
  945
  994
 1019
 1019
  994
  945
  872
  777
  664
  534
  391
  238
   80
  -81
 -239
 -392
 -535
 -665
 -778
 -873
 -946
 -995
-1020
-1020
 -995
 -946
 -873
 -778
 -665
 -535
 -392
 -239
  -81
   80
  238
  391
  534
  664
  777
  872
  945
  994
 1019
 1019
  994
  945
  872
  777
  664
  534
  391
  238
   80
  -81
 -239
 -392
 -535
 -665
 -778
 -873
 -946
 -995
-1020
-1020
 -995
 -946
 -873
 -778
 -665
 -535
 -392
 -239
  -81
   80
  238
  391
  534
  664
  777
  872
  945
  994
 1019
 1019
  994
  945
  872
  777
  664
  534
  391
  238
   80
  -81
 -239
 -392
 -535
 -665
 -778
 -873
 -946
 -995
-1020
-1020
 -995
 -946
 -873
 -778
 -665
 -535
 -392
 -239
  -81
   80
  238
  391
  534
  664
  777
  872
  945
  994
 1019
 1019
  994
  945
  872
  777
  664
  534
  391
  238
   80
  -81
 -239
 -392
 -535
 -665
 -778
 -873
 -946
 -995
-1020
-1020
 -995
 -946
 -873
 -778
 -665
 -535
 -392
 -239
  -81
   80
  238
  391
  534
  664
  777
  872
  945
  994
 1019
 1019
  994
  945
  872
  777
  664
  534
  391
  238
   80
  -81
 -239
 -392
 -535
 -665
 -778
 -873
 -946
 -995
-1020
-1020
 -995
 -946
 -873
 -778
 -665
 -535
 -392
 -239
  -81
   80
  238
  391
  534
  664
  777
  872
  945
  994
 1019
 1019
  994
  945
  872
  777
  664
  534
  391
  238
   80
  -81
 -239
 -392
 -535
 -665
 -778
 -873
 -946
 -995
-1020
-1020
 -995
 -946
 -873
 -778
 -665
 -535
 -392
 -239
  -81
   80
  238
  391
  534
  664
  777
  872
  945
  994
 1019
 1019
  994
  945
  872
  777
  664
  534
  391
  238
   80
  -81
 -239
 -392
 -535
 -665
 -778
 -873
 -946
 -995
-1020
-1020
 -995
 -946
 -873
 -778
 -665
 -535
 -392
 -239
  -81
   80
  238
  391
  534
  664
  777
  872
  945
  994
 1019
 1019
  994
  945
  872
  777
  664
  534
  391
  238
   80
  -81
 -239
 -392
 -535
 -665
 -778
 -873
 -946
 -995
-1020
-1020
 -995
 -946
 -873
 -778
 -665
 -535
 -392
 -239
  -81
   80
  238
  391
  534
  664
  777
  872
  945
  994
 1019
 1019
  994
  945
  872
  777
  664
  534
  391
  238
   80
  -81
 -239
 -392
 -535
 -665
 -778
 -873
 -946
 -995
-1020
-1020
 -995
 -946
 -873
 -778
 -665
 -535
 -392
 -239
  -81
   80
  238
  391
  534
  664
  777
  872
  945
  994
 1019
 1019
  994
  945
  872
  777
  664
  534
  391
  238
   80
  -81
 -239
 -392
 -535
 -665
 -778
 -873
 -946
 -995
-1020
-1020
 -995
 -946
 -873
 -778
 -665
 -535
 -392
 -239
  -81
   80
  238
  391
  534
  664
  777
  872
  945
  994
 1019
 1019
  994
  945
  872
  777
  664
  534
  391
  238
   80
  -81
 -239
 -392
 -535
 -665
 -778
 -873
 -946
 -995
-1020
-1020
 -995
 -946
 -873
 -778
 -665
 -535
 -392
 -239
  -81
   80
  238
  391
  534
  664
  777
  872
  945
  994
 1019
 1019
  994
  945
  872
  777
  664
  534
  391
  238
   80
  -81
 -239
 -392
 -535
 -665
 -778
 -873
 -946
 -995
-1020
-1020
 -995
 -946
 -873
 -778
 -665
 -535
 -392
 -239
  -81
   80
  238
  391
  534
  664
  777
  872
  945
  994
 1019
 1019
  994
  945
  872
  777
  664
  534
  391
  238
   80
  -81
 -239
 -392
 -535
 -665
 -778
 -873
 -946
 -995
-1020
-1020
 -995
 -946
 -873
 -778
 -665
 -535
 -392
 -239
  -81
   80
  238
  391
  534
  664
  777
  872
  945
  994
 1019
 1019
  994
  945
  872
  777
  664
  534
  391
  238
   80
  -81
 -239
 -392
 -535
 -665
 -778
 -873
 -946
 -995
-1020
-1020
 -995
 -946
 -873
 -778
 -665
 -535
 -392
 -239
  -81
   80
  238
  391
  534
  664
  777
  872
  945
  994
 1019
 1019
  994
  945
  872
  777
  664
  534
  391
  238
   80
  -81
 -239
 -392
 -535
 -665
 -778
 -873
 -946
 -995
-1020
-1020
 -995
 -946
 -873
 -778
 -665
 -535
 -392
 -239
  -81
   80
  238
  391
  534
  664
  777
  872
  945
  994
 1019
 1019
  994
  945
  872
  777
  664
  534
  391
  238
   80
  -81
 -239
 -392
 -535
 -665
 -778
 -873
 -946
 -995
-1020
-1020
 -995
 -946
 -873
 -778
 -665
 -535
 -392
 -239
  -81
   80
  238
  391
  534
  664
  777
  872
  945
  994
 1019
 1019
  994
  945
  872
  777
  664
  534
  391
  238
   80
  -81
 -239
 -392
 -535
 -665
 -778
 -873
 -946
 -995
-1020
-1020
 -995
 -946
 -873
 -778
 -665
 -535
 -392
 -239
  -81
   80
  238
  391
  534
  664
  777
  872
  945
  994
 1019
 1019
  994
  945
  872
  777
  664
  534
  391
  238
   80
  -81
 -239
 -392
 -535
 -665
 -778
 -873
 -946
 -995
-1020
-1020
 -995
 -946
 -873
 -778
 -665
 -535
 -392
 -239
  -81
   80
  238
  391
  534
  664
  777
  872
